652
718
922
1488
5884
13485
13833
22573
39953
117733
222723
269933
545463
608283
625053
626953
641483
646103
715803
728583
735623
754972
754976
783252
796337
804928
814839
818379
819457
823736
1026101
1338871
1463211
1512391
1632511
1642281
1736961
1919091
1937711
1940141
2044691
2126061
2212031
2273851
2318461
2675801
2726361
2775831
2790321
2857031
2963011
3121571
3194251
3252161
3422521
3565601
3596971
4018591
4051131
4376581
4513631
4595511
4856081
4917311
5114051
5307232
5357362
5418822
5500622
5507042
5531562
5553432
5633202
5664842
5666172
5705642
5722362
5754922
5771742
5775172
5893952
5910712
5929832
5947942
5982252
6054612
6076152
6140062
6199502
6235442
6262622
6350332
6354842
6430212
6473582
6549672
6568262
6577982
6601642
6624292
6636082
6661402
6722282
6722732
6746022
6811622
6856442
6939532
6977972
6982602
6986432
7005112
7097892
7127912
7137982
7193842
7216352
7306832
7321402
7390132
7478732
7501802
7533352
7582812
7583782
7610682
7634352
7805572
7829602
7899242
7920612
8071792
8183512
8235332
8248262
8280182
8308102
8340712
8345852
8359042
8387282
8407392
8408752
8469762
8497822
8536402
8548912
8679682
8705332
8710682
8758122
8790802
8813202
8838742
8920302
8920472
8956652
9024842
9037522
9188692
9218402
9225472
9272772
9288992
9292262
9340392
9609312
9645552
9729582
9743882
9768492
9830652
9843562
9920972
9949322
10166032
10172672
10420312
10506872
10534892
10536972
10706952
10710692
10744202
10841252
10862342
10911002
10913242
11055812
11093342
11123872
11169892
11207282
11208532
11223742
11298572
11398052
11403932
11494612
11581022
11605502
11634522
11693962
11727442
11738212
11773412
11811592
11821352
11823732
11837732
11974322
12023932
12149252
12263132
12273492
12278172
12403542
12408892
12520532
12582962
12591872
12645502
12694432
12700312
12793202
13137212
13165672
13192982
13221322
13261372
13267702
13273832
13295512
13308532
13311862
13436662
13482222
13627002
13695292
13858622
13922462
14019612
14030902
14050372
14058954
14060543
14066952
14077003
14079313
14081731
14084484
14085582
14089909
14097282
14110253
14112420
14115555
14117232
14120543
14122453
14128432
14128649
14134032
14136883
14145031
14145412
14156011
14161357
14161555
14165645
14167125
14181199
14184677
14193258
14205099
14207972
14208535
14213141
14215737
14219176
14220825
14227472
14231593
14232988
14235852
14247197
14249319
14252064
14253692
14256214
14257102
14257644
14269865
14280658
14282899
14308384
14318328
14319005
14319990
14320246
14325825
14329138
14342954
14343430
14344811
14361047
14361270
14363458
14367875
14373462
14384413
14397911
14413500
14414276
14421365
14426591
14428412
14438065
14438593
14438836
14445341
14448584
14453629
14454392
14461337
14461661
14461887
14467149
14478413
14479299
14490154
14498210
14510647
14516054
14520390
14535018
14543625
14549950
14553498
14553588
14564002
14569391
14579315
14585972
14593035
14594312
14605289
14608933
14623083
14633147
14634732
14650644
14676437
14678053
14686254
14689715
14703770
14725405
14730862
14731296
14745077
14759978
14765531
14774529
14787983
14803049
14803328
14803750
14815739
14820803
14824951
14840190
14840794
14847615
14852286
14857626
14869120
14876530
14876698
14882883
14883877
14889375
14896995
14907340
14908911
14918255
14920419
14936524
14944492
14979301
14984346
14984727
14987445
14997575
14997793
15011356
15017920
15028458
15032100
15041098
15041958
15042218
15054702
15059082
15059632
15059869
15074444
15076601
15076902
15080859
15083875
15085995
15089832
15090623
15110272
15115214
15129947
15138496
15140975
15144179
15157506
15162867
15169977
15182672
15192529
15195598
15212648
15212836
15230046
15233019
15258398
15272823
15274381
15281802
15288584
15295748
15299662
15309176
15311185
15323769
15330682
15337816
15347317
15364120
15371880
15378858
15382996
15394017
15397066
15401354
15415052
15420948
15423715
15429965
15446386
15479932
15482299
15483894
15484132
15490469
15509502
15510041
15521052
15525310
15529285
15583003
15587836
15587918
15589240
15591901
15610213
15616926
15621841
15624402
15632260
15645974
15655942
15659821
15670484
15678504
15679234
15689590
15691300
15691538
15702212
15726403
15755882
15773020
15773663
15781281
15782121
15791421
15793401
15797527
15805716
15811158
15813904
15817422
15831430
15843108
15850737
15853273
15854292
15861147
15871880
15884137
15897796
15903938
15968396
15985881
15989237
15997981
16001666
16009790
16016860
16017042
16031898
16045609
16055951
16080599
16089186
16106041
16148475
16148608
16160012
16175360
16176103
16183712
16196649
16205477
16219684
16221175
16223010
16253962
16264489
16287447
16290737
16298906
16304417
16333236
16375617
16382685
16419391
16422556
16430450
16445207
16446939
16456627
16457820
16465420
16483921
16491106
16492170
16529482
16555660
16560054
16563741
16588278
16612059
16621906
16622984
16646774
16653907
16656470
16660941
16662300
16665992
16669216
16669733
16698471
16702758
16783409
16794701
16812492
16841067
16843161
16860245
16890227
16894250
16894693
16910503
16920968
16930942
16933538
16943160
16946306
16959403
16991733
17005242
17009566
17054565
17064939
17081169
17139011
17163113
17179353
17192106
17219016
17219524
17232814
17260218
17274679
17275474
17288254
17288491
17303088
17305435
17331859
17351581
17355717
17390066
17411215
17441094
17447004
17452383
17453045
17456369
17465035
17465740
17488996
17493065
17493573
17500762
17508310
17508749
17513705
17526907
17562864
17566926
17571891
17579194
17581023
17592578
17623799
17626987
17634321
17647406
17656473
17667410
17671803
17700467
17711949
17744352
17755777
17764845
17785796
17786262
17794715
17814354
17819944
17845927
17850406
17862094
17878976
17890476
17909095
17933112
17963912
17965599
17993791
18000659
18011420
18048920
18065449
18068886
18096495
18144052
18160231
18167295
18181755
18185386
18185933
18201453
18219371
18224092
18228609
18236064
18300690
18303494
18305633
18314846
18335722
18346062
18347051
18365545
18371407
18399423
18413368
18413922
18457457
18459028
18476135
18483817
18499517
18513223
18529185
18537413
18566114
18654924
18664944
18679648
18680844
18683809
18695820
18696044
18708952
18714319
18718381
18722185
18731398
18768565
18773447
18805394
18827982
18839786
18851314
18866569
18870720
18949058
18970896
18989252
19016965
19029961
19040782
19041387
19041966
19052164
19087696
19134746
19174009
19187182
19200920
19201616
19221776
19233960
19249225
19253319
19266229
19270789
19295452
19298248
19327364
19377519
19394582
19424786
19425498
19453524
19485279
19515501
19525345
19532262
19611305
19630154
19637979
19657130
19681213
19686082
19727507
19730137
19736423
19745222
19746829
19752439
19768085
19769638
19778622
19780081
19801763
19802091
19802319
19812595
19839827
19870101
19904025
19909181
19912689
19917971
19938410
19940968
19961084
19984403
19993063
19994305
20010873
20012769
20017758
20029225
20038785
20057078
20068500
20084313
20132302
20158558
20191065
20217674
20244741
20250149
20252038
20281735
20293263
20318087
20332858
20337759
20354429
20361548
20403849
20411050
20451544
20451764
20467918
20476755
20485487
20518761
20532595
20544358
20545123
20561123
20626905
20630746
20652877
20652977
20714280
20753296
20826426
20828056
20855514
20857471
20923496
20940587
20947872
20956958
20999452
21033621
21046254
21071324
21091264
21102132
21171766
21173252
21181013
21238880
21247114
21268721
21274241
21283525
21288914
21313187
21323810
21388657
21431725
21522595
21534754
21546286
21551420
21574104
21636741
21665671
21683391
21730948
21732431
21737365
21738399
21787659
21793918
21802791
21817563
21822731
21832719
21841676
21854491
21936775
21957245
21970561
22027437
22036144
22044848
22054705
22098993
22113751
22120314
22125367
22178815
22218731
22298994
22309294
22341338
22375981
22393716
22398742
22402295
22457629
22464112
22473357
22520513
22537064
22537774
22554666
22594644
22604872
22632726
22728841
22793459
22880912
22883042
22884647
22911578
22949684
22988545
23008787
23011113
23052615
23054599
23206089
23206993
23323572
23327940
23330822
23333537
23403611
23427732
23485794
23536799
23560644
23585970
23596505
23598798
23603022
23608514
23638138
23641665
23662079
23675717
23711198
23741797
23764827
23820271
23878938
23890162
23935594
23968663
23971284
23998793
24006595
24131225
24150371
24259971
24322437
24430961
24464032
24497986
24502705
24587571
24600302
24607124
24609259
24610167
24624449
24646596
24747647
24762294
24783580
24788324
24914458
24922181
24951393
24998438
25076187
25092959
25147663
25181960
25203850
25221623
25238984
25288719
25361747
25406728
25462813
25481399
25524862
25597162
25618860
25661222
25680569
25724806
25742926
25831539
25870234
25886074
25955804
25957540
25993747
26017790
26034215
26065124
26072643
26093255
26112979
26135395
26148925
26153901
26191111
26347655
26381407
26525527
26571789
26577435
26607894
26686790
26731749
26764460
26862540
26903123
26912863
27008329
27043312
27054095
27060333
27068543
27089479
27096827
27100854
27133496
27194066
27290977
27317093
27319043
27336669
27364653
27375118
27405322
27441274
27482168
27487965
27543221
27673788
27681737
27727354
27745806
27747683
27828473
27946109
27980290
28049011
28105516
28111036
28122143
28162995
28214215
28235772
28241340
28355726
28371863
28402868
28425750
28442549
28497911
28512228
28568403
28608936
28646612
28659484
28664103
28766450
28775062
28837185
28921405
28970203
29137692
29198098
29222042
29348952
29387861
29467130
29501106
29581101
29616757
29640057
29655510
29775502
29785980
29915936
29917270
30017328
30044406
30047606
30186086
30198572
30225263
30370347
30516311
30691971
30717365
30830547
30833791
30892088
30894847
31032516
31068257
31125840
31159912
31192632
31218737
31294424
31298890
31300210
31407358
31448092
31495540
31586459
31634214
31852149
32147370
32155320
32208505
32225044
32317545
32367777
32370674
32432742
32472529
32483879
32751984
32828368
32970996
33053218
33288620
33334575
33472656
33549238
33604524
33607698
33660479
33662040
33792234
33836835
33842451
33873705
33950479
33963254
33979571
33980119
33980577
34016459
34091508
34122137
34166835
34301461
34385986
34479201
34503844
34507900
34547719
34607436
34633280
34679314
34686300
34739803
34767412
34841282
34942644
35130029
35295296
35353520
35482440
35920861
35995502
36006693
36053736
36100661
36181456
36225313
36230116
36247432
36309110
36490753
36570546
36646736
36669295
36826949
36834155
36945251
37005199
37292899
37339786
37424923
37506287
37581950
37582767
37626250
37683965
37736075
37757695
37791754
37847991
37917349
38039586
38044676
38072780
38277093
38304280
38382955
38383860
38558447
38589688
38903572
39209051
39278843
39278893
39356540
39419653
39420254
39423255
39467451
39496943
39580347
39599627
39656200
39661451
39681387
39836223
39905978
39955765
40002696
40086241
40206304
40357380
40390993
40394584
40401469
40631759
40719713
40761898
40797843
40799562
40817446
40863381
40872409
41059185
41234221
41369699
41396697
41657821
41754607
41784098
41825510
41875809
41898972
41967707
42037838
42158011
42331373
42386837
42482888
42486446
42493016
42577751
42698117
42836778
42866924
42870865
42991860
43008912
43064317
43071869
43169079
43215463
43314219
43329179
43472138
43479178
43491523
43496567
43757836
43848378
43848728
43852501
43913887
44067224
44086632
44163280
44265678
44325779
44337402
44365291
44382559
44415297
44457821
44503983
44641439
44662993
44681253
44697048
44697971
44778322
44798027
44958305
44964452
44988339
45122528
45137569
45152811
45302221
45461709
45525406
45766055
45790313
46106353
46147161
46196044
46257724
46290631
46301002
46340035
46414897
46508878
46821691
46923743
46954001
46991236
47052169
47091719
47213290
47406869
47414308
47637937
47775245
47791735
47860682
47871533
47878332
48063605
48280375
48329145
48447555
48575278
49113254
49194062
49518326
49679729
49762392
49824999
49831212
50025309
50256956
50517128
50548378
50689856
50771293
50827654
50911313
50958567
50960532
50990523
51084226
51137171
51331674
51747484
52481271
52740039
52927291
52940205
52963282
53291871
53416764
53608103
53675771
53707907
53911301
54190767
54837001
54976200
54997986
55118105
55173205
55215413
55233172
55488921
55500411
55778958
55849164
55869041
56398657
56569842
56840421
57072038
57148195
57237861
57257518
57403590
57416192
57648795
57717325
57854825
57915272
58042957
58049666
58133688
58376649
58390436
58424551
58713095
58729934
59008111
59157293
59343689
59434762
59472210
59475650
59566474
59760315
59822347
59827859
59843541
60265271
60364559
60725870
60881698
60920829
61245536
61411402
61438636
61444274
61465268
61787925
62041930
62177528
62238048
62358436
62607630
62695557
62777902
62807455
62836936
62866827
62889937
63023937
63027576
63088962
63430712
63459197
63722231
63942038
64249659
64372692
64585147
64679638
64736409
64907465
64999443
65040367
65373171
65392360
65939137
66165922
66216534
66379938
66484888
67151012
67253659
67259735
67351231
67544217
67558537
67588820
68151648
68399495
68693255
68697766
68743033
68831933
68972744
69564736
69682524
69750573
69770326
69868178
70010370
70338949
70603123
70887016
70924441
70931634
70982211
71015835
71191307
71196740
71439089
71592174
71833314
72107580
72133612
72511082
72741590
72982152
73117040
73155522
73343912
73387078
73715598
73753168
73883314
74338936
74660202
74793864
74891064
74922013
75014456
75230216
75580389
75586815
75771482
75923281
75986937
76244848
76344921
76492543
76521990
76706375
77283619
77913714
78078516
78247357
78340568
78701740
78908728
78937403
78948600
79063517
79173713
79212433
79320263
79329477
79547763
79640251
79766063
79809974
80054504
80061612
80183207
80496310
80625316
80692154
80898006
81088544
81307630
81919736
82580055
82681394
82759121
82782165
83104302
83288892
83355074
83632732
83856685
83880977
83963349
84471004
84499168
84537718
84559806
85002019
85065234
85822128
85845596
86777096
87226871
87452723
87487697
87548291
87602857
88104034
88223074
88259371
88271581
88634327
88665511
88667709
88846686
89495381
89970721
90373198
90880528
91243935
91280159
91390346
91559535
91727434
91838091
91922460
92729850
92989140
93884713
93949498
94014122
94019697
94266033
94831900
95746307
95912884
96031332
96162322
96167276
96453575
96513720
96545290
96766847
96928939
96940707
96969818
97042802
97176231
97230083
97346660
97567452
97725494
97758056
98009967
98070483
98338061
98402910
98546683
98796890
98903069
98986455
99010594
99375768
99563653
99702943
99814328
99838480
100269119
101075963
101171430
101277949
101517782
102292896
102503301
102726447
102774892
103090275
103542698
103645711
104039768
104077681
104204377
104539552
104549656
106267790
106631177
106631978
107296266
107299913
108338186
108516720
108647266
108918167
109087434
109094774
109124705
109468483
109632469
109652113
109706671
110261532
110325571
110537461
110575701
110605798
110905886
110954187
111182924
111312520
111574280
111575853
112180953
112182892
112210929
112733590
113347285
113396907
113622896
114177854
114473088
114638268
114746629
115176197
115323499
116355106
117300217
117535970
117615437
118324296
118367208
118443655
119124779
119461073
119557246
119808124
120521974
120599683
120816085
121318260
121375698
121409963
121569445
121639677
122229588
122391736
122447399
123103861
123450828
123648144
124937415
125798159
126120815
126204700
126392395
126465458
126642817
126686350
127554142
127556981
128599519
129618339
130198064
130322072
130423739
130629351
130682766
130940288
131368951
131460648
131649484
131989014
132317180
132508613
132536642
133225858
134278139
134356875
134521144
134562767
134700541
134903775
135139248
135417691
135516180
135554457
135663413
136281631
137119893
137977245
138247551
138925909
139074155
139238056
140041648
140438543
140882928
140994663
141921386
142554056
142572604
142641077
143027480
143494821
144883991
144962346
146304155
146505968
146666568
147309949
147635896
148258612
148540433
148770143
148949255
149217525
150481499
150605017
151709777
152471353
153496161
153724305
154438925
154557103
155301703
155327544
155386627
156129758
157401723
157559377
157743365
158655483
159027114
159724564
160274955
160437303
160628503
160831680
161668416
162476890
163001337
163204365
163717857
167371196
168035495
168629999
168801128
168815152
171500523
171801534
172430377
174626081
175079931
175536709
175672630
176490337
178678286
179011597
181174923
183544716
185762077
185925039
186098074
186666771
190555766
191281767
192536419
193131357
194606510
195765532
195892429
196352650
199137542
203992376
218552666
218655174
220198517
226255674
226370322
236159998
236432535
240935614
247825024
248233587
248392593
248738880
267579433
275180055
298293085
342987327
375811499
380579901
451551295
451551295
469627023
471265814
471265814
