100208049
10022462
100265022
100269119
100281477
100367912
100768045
100849426
100941685
101075963
101171430
101277949
101451923
101517782
10166032
10172672
102078730
10218082
102292896
102503301
1026101
102650772
102661320
102726447
102774892
10296862
103062640
103090275
103304342
103542698
103645711
103707698
103747243
103785011
103796971
103837737
104039768
104071979
104077681
104096619
10420312
104204377
104385716
104458198
104539552
104549656
10506872
10534892
10536972
105996925
105998371
106067454
106267790
106502459
106631177
106631978
106701130
106742271
106950998
10706952
10710692
107190661
107219551
107296266
107299913
107338177
10744202
1079661
108080972
108197314
108211425
108211511
108338186
10841252
108516720
108559254
108563925
1086101
10862342
108647266
108870395
10887832
108918167
109087434
109094774
10911002
109124705
10913242
109191514
109468483
109632469
109652113
109706671
110088394
110261532
110325571
110498512
110537461
11055812
110575701
110605798
110693926
110890366
110905886
110922862
11093342
110954187
111054282
111182924
11123872
111312520
111574280
111575853
111583084
111587726
11169892
111869969
11207282
11208532
112180953
112182892
112210929
11223742
112487105
112733590
11298572
113052680
113104608
113144177
113347285
113396323
113396907
113622896
113777257
113798559
11398052
11403932
114177854
114386765
114466988
114473088
11450652
114638268
114743853
114746629
114833646
11494612
114967430
115176197
115323499
115690006
11581022
115868364
116053257
11605502
116332535
11634522
116355106
116434130
116465394
116496371
116619493
11693962
117065239
117179221
117233490
11727442
117300217
11738212
117535970
117615437
117668287
117733
11773412
117892017
11799932
11811592
118132083
11821352
11823732
118324296
118367208
11837732
118443655
11880732
118951385
119003805
119124779
119461073
119557246
11974322
119808124
12023932
12028722
120453376
120521974
120599683
120816085
121134265
121140787
12121932
121279983
121318260
121375698
121409963
12141802
12149252
121569445
121639677
121681809
121977465
122101934
122229588
12233932
122353659
122391736
122447399
12263132
122690596
12273492
12278172
122842533
123103861
123350060
123432586
123450828
123618652
123648144
12403542
12408892
124777510
124937415
124950218
12520532
125242052
125487834
125517232
12568812
125773125
125798159
12582962
12591872
125940398
125941544
125961100
126090503
126120815
126204700
126284853
126289281
126364673
126392395
12645502
126465458
126642817
126686350
12694432
1269531
12700312
127554142
127556981
127632881
12789432
12793202
127963099
128287875
128542218
128563245
128599519
128953684
129154867
129259904
12958462
129618339
12963292
129790686
130135355
130198064
13023742
130322072
130423739
130629351
130682766
130716700
130744371
13083522
130940288
131049676
131182025
131331096
131368951
13137212
131421706
131460648
131579391
131649484
131654299
13165672
131757502
131783201
131798891
131804186
13192982
131989014
13221322
132317180
132359600
132467823
132498070
132508613
132516417
132536642
13261372
13267702
132691741
13273832
13279852
13295512
13308532
13311862
133225858
13322962
133450369
1338871
134278139
134339796
134356875
13436662
134521144
134562767
134572902
134638455
134700541
134712790
134776119
13482222
13485
134903775
135092022
135093658
135139248
135339449
135417691
135516180
135554457
135663413
135819296
13627002
136281631
136450694
136648547
136684571
13695292
137119893
137558637
137894802
137916453
137977245
138072661
138247551
138255474
13833
138415950
13849432
13858622
138729048
138884446
138924794
138925909
138957827
139074155
139141220
13922462
139238056
139525129
139630342
13963332
139650289
139676714
140041648
14019612
14030902
140417450
140438543
14050372
14052313
14058954
140593329
14060543
14066952
14073458
14073593
14077003
14078878
14079313
14080387
14081731
14084484
14085582
140882928
14089909
14091113
14097282
140994663
14100717
14106168
14110253
14112420
14115555
14117232
14120543
14121589
14122453
14128432
14128649
14130688
14134032
14136883
14141432
14142645
14144296
14145031
14145412
14151724
14156011
141561588
14158243
14161357
14161555
14163711
14165645
14167125
14170810
14174116
14175127
141775564
14181199
141824522
14184677
141921386
14193258
14202819
14205099
14207972
14208535
14213141
14215737
14216899
14219176
14220825
14221963
14227472
14231593
14232988
14235852
14236930
14238355
14240553
14241820
14247197
14249319
14252064
142526052
14253692
142554056
14256214
14257102
142572604
14257644
14259997
142608903
14262929
142641077
14265620
14265681
14268495
14269865
14280658
14282710
14282899
142879712
14297612
143027480
14308384
14310371
14318305
14318328
14319005
14319990
14320246
14325754
14325825
14329138
14342954
14343232
14343430
14344811
143453011
143459322
14346943
14348014
14348561
143494821
14351339
14361047
14361255
14361270
14363458
14365888
14367875
14373462
14378375
14381372
14384413
14397911
14413500
14414276
14421365
14426591
14428412
14430651
14438065
14438593
14438836
14438982
144423509
14443972
14445341
14448584
14453629
14454392
14461337
14461661
14461887
14467149
14472026
14475327
14475920
14478413
14479299
14482104
14484208
144883991
14490154
14493887
144962346
14498210
14499887
14505752
145079391
14510647
145132784
14516054
14517296
14520390
145271777
14535018
145415203
14543325
14543625
14545989
14549950
145509546
145521273
14553498
14553588
14563802
14564002
14564039
14569391
145695528
14579315
14585972
14593035
14594312
14595456
14605289
14607548
14608933
146103507
14619197
14623083
146304155
1463211
14633147
14634732
146505968
14650644
146614411
146666568
146739222
14675398
14676437
14677632
14678053
146815606
14686254
14689715
14703770
14707288
147130654
147158155
14723834
14725405
14730862
147309949
14731242
14731296
14735057
14745077
147501917
14751167
14759978
147635896
14765531
14768578
14774529
14787983
147979278
147985838
14803049
14803328
14803750
14815739
14818920
14820803
14824951
148258612
14839125
14840190
14840794
14847615
148519093
14852286
148540433
148566667
14857626
14862725
14866036
14869120
14872093
14875714
14876530
14876698
148770143
148788924
1488
14882883
14883877
14889375
14891674
148949255
14896995
14900310
14903497
14907340
14908911
149123387
14913560
14918255
149187033
14920419
149217525
14936524
14944492
14965951
149785304
14979301
14984346
14984727
149873666
14987445
14997575
14997793
15011356
15017920
15028458
15032100
15039730
15041098
15041710
15041958
15042218
150481499
15050975
15054702
15059082
15059632
15059869
150605017
15063531
150688690
15074444
15076601
15076902
15080859
15083875
15085995
15089832
15090623
151004886
151009205
15110272
15115214
151187687
15121567
1512391
15129947
151302055
15131299
151313439
15138496
15139237
151393539
15140975
15142728
15144179
15157506
15162867
151631118
15169977
15170098
151709777
15181300
15182672
15186408
15192529
15195598
15197107
151980358
15200213
15212648
15212836
15213889
15230046
15233019
15246480
152471353
15258398
15272823
15274381
15275635
15281802
15282456
15288584
152903984
15294560
15295748
152978048
15299662
15309176
15311185
15323769
15330682
15337816
15347317
153496161
15357170
15358347
15364120
15371880
153724305
15372446
15378858
15378899
15382996
15394017
15397066
15401354
15410580
15415052
15415420
15420948
15423715
15429965
1543811
154438925
15446386
15449631
154557103
154623135
15470962
15471680
15474437
154747647
15479932
15482299
15483894
15484132
15490469
15506556
15509502
15510041
15521052
15525310
155259266
15529285
155301703
155327544
155386627
155500067
155521796
155563368
15570685
15572832
155810630
15583003
15587836
15587918
15589240
15591901
156035879
15610213
156129758
15616926
15620196
15621841
15624402
15632260
15636070
15645974
156552811
15655942
15659821
15666586
15670484
15678504
15679234
156810847
15689590
15691300
15691538
15702212
15712496
15717447
15726403
15735706
15739891
157401723
15755882
157559377
15765764
15773020
15773663
157743365
15780904
15781281
15782121
15782835
15784981
15791421
15791917
15793401
157961114
15797527
15799415
15805310
15805716
158094949
15811158
15813904
15817422
15825312
15831277
15831430
15843108
15850737
15853273
15854292
15857048
15861147
158655483
158660475
15871880
15884137
158919247
158959968
15897796
159027114
15903938
159091670
15929197
15933999
15968396
159724564
159801899
15985881
15989237
15997981
16001666
16009790
16016860
16017042
160240565
160274955
16031898
160437303
16045609
160500635
16055951
160628503
16067255
16080599
160830582
160831680
16085494
16089186
160933596
160957738
16106041
161103730
161122754
16117296
16120937
161258172
16140843
16148475
16148608
16155964
16160012
161668416
16175360
16176103
16183712
16185285
16189056
161937540
16196649
161976596
16198929
16205477
16217018
16219684
16221175
16223010
162413668
16242654
162476890
16253962
162544291
16254641
16264489
16287447
16290737
162957482
16296779
16298906
163001337
16304417
163101542
1631991
163204365
1632511
16326209
16333236
16340744
16340855
16347855
16364339
16368253
163717857
16375617
16379760
16382685
16407663
164155930
16419391
16422556
1642281
16430450
16445207
16446939
16454696
16456627
16457820
16465420
16483921
16491106
16492170
165042290
16529482
16547753
16555660
16556240
16560054
16563741
165789461
16579371
16586289
16588278
16588997
16612059
16615428
16621906
16622984
16631773
16646774
16646915
16653907
16656126
16656470
16660941
16662300
16665992
16669216
16669733
166830359
166983092
16698471
16702758
16726578
16732745
167371196
167374201
16742259
167434814
16780538
16783409
167872510
16787901
16788432
16793608
16794701
168035495
16810609
168120172
16812492
16828129
16841067
16843161
16860245
168629999
168801128
168815152
16890227
168909402
16894250
16894693
16908014
16909797
16910503
16920968
16930942
16933538
16943160
16946306
169574572
16959403
169816466
16991733
17005242
17009566
17054565
17055338
17064939
170651256
17081169
17082741
17095379
170978161
17099031
17108078
17134424
17139011
171421424
171491313
171500523
17157048
17163113
17179353
171801534
171891657
17192106
17219016
17219524
17225061
1722511
17232814
17233268
172430377
17260218
17274679
17275474
17279274
17288254
17288491
17289017
173025696
17303088
17305435
17310197
17328524
17330027
17331859
17345061
173462052
17351581
17351897
173525269
17355717
1736961
17390066
173913285
17411215
174118617
174147113
17433944
17435961
17441094
17447004
17452383
17453045
174546661
17456369
174626081
17465035
17465740
17466522
17482759
17485937
17488996
17493065
17493573
17500762
1750611
175079931
17508310
17508749
17513705
17526907
175536709
17562864
17566926
175672630
17571891
17579194
17581023
17585729
17592578
17598988
17600088
17600344
17623799
17626987
17634321
17647406
176490337
17656473
176598663
17667410
17671803
17700467
177056490
17708435
17711949
17744352
17755777
177601858
17761709
17764845
17767242
177848551
17785796
17786262
17794715
17807092
17814354
17819944
17845927
17850406
17862094
17862598
178678286
17878976
17879469
17888691
17890476
178996518
179011597
179039869
179077459
17909095
17919390
17933112
17963912
17965599
17972642
17993791
179964298
18000659
18011420
18021694
180382700
18048920
18049042
180583320
18065449
18068886
18078453
18096495
18104922
18109828
18110587
181174923
18138605
18142403
18142406
18144052
18144088
18153760
18160231
18167295
18181755
18185386
18185933
18198937
18201453
18219371
18224092
18228609
18236064
18244686
18300690
18303494
18305633
18309890
18314846
183210508
18335722
18346062
18347051
183544716
18365545
18371407
18399423
18413368
18413922
18415164
18457457
18459028
184634295
18476135
1848101
18483817
18489397
18499517
18513223
18529185
18533043
185340893
18537413
18566114
185706220
185762077
185925039
186017847
18609670
186098074
18631659
18654924
18656757
18658714
18660435
18664944
186666771
18679648
18680844
18683809
18695820
18696044
18708952
18712823
18714319
18718381
18722185
18726562
18731398
18735419
18737704
18753808
18768305
18768565
18769221
18773447
18783043
18788912
18805394
18817996
18827982
18828154
18839786
18851314
18866569
18870720
18895896
18919083
18922608
18949058
18970302
18970896
18989252
18999530
19016965
19029961
19040782
19041387
19041966
19051553
19052164
190555766
19073386
19087696
191281767
19134746
191348191
19163279
19167134
19174009
19174665
19187182
1919091
19198434
19200920
19201616
192078758
19221776
19233960
19249225
19253319
192536419
19266229
19270789
19279286
19295452
19298248
193131357
19317369
193179119
19327364
19343167
19349110
19353452
19362168
1937711
19377519
19381735
19394582
1940141
19413059
19424786
19425498
19453524
19453663
194606510
19472194
19485279
19492216
19515501
19525345
19532262
19561409
19573212
195765532
19577075
195892429
19607251
19608678
19611305
19630154
196352650
19637979
19657130
196738614
19679610
19681213
19686082
197262588
19727507
19730137
19736423
19742024
19745222
19746829
19752439
19763824
19768085
19769638
19778622
19780081
19801763
19801885
19802091
19802319
19812595
19827101
19833321
19839827
19862931
19870101
19888504
19904025
19909181
19912689
199137542
19917971
19938410
19940968
19944238
19961084
19979328
19983336
19984403
19993063
19994305
19995105
20010873
20012769
20017758
20029225
20038785
20044319
20057078
200679599
20068500
20084313
20085932
20132302
20154397
20158558
20167949
201790102
20179831
201857606
20191065
20210688
20217674
20219738
20244741
20250149
20252038
20281735
20290178
20293263
20310073
20318087
203273241
20332858
20334683
20337759
20354429
20361548
20391005
203992376
20403849
20411050
204392528
2044691
20451544
20451764
2045641
20459158
20467918
20476755
20485487
20518761
20532595
20540990
20544358
20545123
20561123
206185946
20626905
20630746
20652877
20652977
20689460
20708740
20714280
20753296
20781213
20785139
20826426
20828056
20855514
20857471
20859950
20923496
20940587
20947872
20956958
20959433
20999452
20999936
21032575
21033621
21046254
21071324
21078232
21091264
21096060
21102132
21121912
211554129
21160045
21167455
21171766
21173252
21181013
21238880
21247114
21254897
2126061
21267578
21268721
21274241
21283525
21288914
21306879
21313187
21323810
213376151
21382519
21388657
21431725
21453562
21472621
21496431
21522257
21522595
21534754
21546286
21551420
21574104
21636741
21643840
216596167
21665671
21683391
21708503
21730948
21731896
21732431
21737365
21738399
21754788
21787659
21793918
21794079
21802791
21813060
21817563
21822731
21832719
21834317
21841676
21854491
218552666
218655174
21922997
21936326
21936775
21951936
21957245
21957721
21970561
21978767
21985702
220198517
22022052
22027437
22036144
22044848
22054705
22067213
22089040
22098993
22113751
2212031
22120314
22125367
22168333
22175670
22178815
22181199
22218731
22254586
222723
222881153
22298994
22309294
22341338
22375981
22393716
22398742
22402295
22428076
22428977
22457169
22457629
22464112
22473357
22509605
22520513
22537064
22537774
22544040
22554666
22573
22594644
22598963
22604872
226255674
22632726
226370322
22645975
22654501
22684010
22722239
22728841
22732868
2273851
227858729
227931420
22793459
22797713
22817030
22863282
22880912
22883042
22884647
22900029
22911578
22949684
22962098
22978241
22988545
23004360
23008787
23011113
23041223
23052615
23054599
23058395
23103269
23103723
23104877
23111092
2318461
23195669
232053788
23206089
23206993
23227473
23323572
23327940
233307946
23330822
23333537
23374677
23403611
23406502
23427732
234288622
23485794
23536799
23555613
23560644
23564158
23585970
23596505
23598798
23603022
23604918
23608514
23611003
236159998
23635812
23638138
23641665
236432535
23652634
23662079
236672523
23675717
23711198
23715752
23719464
23741797
23764827
23794945
23798681
23813023
23820271
23878938
23890162
23935594
23968663
23971284
23979449
23998793
24006595
24091085
240935614
24131225
24134566
24150371
24164220
24174101
24193479
24199339
24204734
24210132
24259856
24259971
24303865
24322437
243685917
24406096
24430961
24451441
24464032
24497986
24502705
24586947
24587571
24593563
24600302
24607124
24609259
24610167
24624449
24628464
24646267
24646596
24697647
24747647
24762294
247825024
24783580
24788324
248233587
24831460
248392593
24844037
248738880
24891835
24914458
24922181
24922750
24951393
24996503
24998438
25019426
25076187
25092959
25109808
25145714
25147663
25181960
251857120
25203850
25213685
25221623
25238984
25288719
25315460
25332130
25354125
25361747
25372148
25383670
25406728
2542671
25439690
25462813
25481399
25512927
25523177
25524862
25597162
25613173
25618860
25661222
25680569
25698549
25724806
25742926
25744535
25771101
25778849
25831539
25870234
25886074
25900636
25905482
25955804
25957540
25993747
26017790
26034215
26065124
26072643
26082139
26093255
26112979
26135395
26148925
26152403
26153901
26169440
26191111
26246035
26257604
263174289
26347655
26381407
26482875
26502538
26525527
26558400
26571789
26574540
26577435
26607894
26686790
26731749
26752675
267579433
2675801
26764460
26793081
26803949
26845545
26860861
26862540
26871124
26902403
26903123
26912863
26935444
26978525
269933
27008329
270343130
27043312
27054095
27060333
27068543
27089479
27096827
27100854
27133496
27154528
27194066
27224576
27240973
2726361
27290977
27317093
27319043
27325776
27336669
27340218
27364653
27375118
27381257
27405322
27428844
27441274
27482168
27487965
27493756
275180055
27543221
27595127
27609758
27672150
27673788
276747624
27681737
27720272
27727354
27745806
27747683
2775831
27761203
27828473
2790321
27946109
27955338
27980290
27980417
28028769
28049011
28065912
28105516
28106943
28111036
28122143
28161508
28162995
28165467
28170419
28213083
28214215
282295715
28235772
28237398
28241340
28255640
28255731
28287704
28289972
28295400
28355726
28371863
28392632
28402868
28425750
28442549
28497911
28500576
28512228
28516786
2854591
28563775
28568403
2857031
285787537
28589532
28608936
28646612
28659484
28664103
28717585
28727588
28766450
287713666
28774409
28775062
28818740
28837185
28859269
28916330
28921405
28928900
28970203
29023308
29056257
29103847
29137692
29175362
29198098
292052632
29222042
292777425
29293734
29344462
29344758
29348952
29387861
29399230
29447276
29467130
29501106
29505499
29581101
29616757
2963011
29640057
29655510
2970331
29775502
29785980
298293085
298725750
29915936
29917270
30017328
30044406
30047606
30072877
30107464
30120987
30186086
30198572
30213660
30225263
30370347
30441197
30468877
30513878
30516311
30648686
30691971
30717365
30830547
30833791
30892088
30894847
30959736
31009560
31017501
31032516
31048556
31068257
31093027
31125840
31159912
31192632
3121571
31218737
312615120
31286511
31294424
31298890
31300210
31349698
31399618
31407358
31448092
31474494
31490021
31495540
31586459
31634214
31654535
31852149
3194251
32147370
32155320
32194972
32208505
32225044
32240125
323053839
32317545
32367777
32370674
32405545
32432742
32445350
32449617
32471545
32472529
32483879
3252161
325314604
32751984
32758901
32780436
32828368
32970996
33046213
33053218
33070962
33145841
33188097
33233261
33282365
33288620
33334575
333875092
33438841
33448621
33472656
33549238
33556843
33604524
33607698
336147999
33660479
33662040
33792234
33836835
33842451
33873705
33950479
33963254
33979571
33980119
33980577
34016459
34091508
34122137
34153786
34166835
34203215
3422521
34229936
34251890
34272278
342987327
34301461
34343307
34385986
34479201
34499862
34503844
34507900
34547719
34558788
34607436
34615442
34633280
34679314
34686300
34739803
34767412
34841282
34942644
35093527
35130029
352611718
35295296
35303817
35353520
35482440
35501643
3565601
35746488
35912678
35920861
35950629
3596971
35995502
36006693
36039110
36053736
36079532
36100661
36181456
36225313
36230116
36247432
36299760
36309110
363741790
36388233
36490753
36552126
36570546
36646736
36669295
36741653
36826949
36834155
36890653
36945251
36979467
3698
36980528
37005199
37133346
37180455
37292899
37329416
37338449
37339786
37424923
37448494
37506287
37577610
375811499
37581950
37582767
37626250
37683965
37713183
37736075
37757695
377865733
37791754
37847991
37917349
37924059
3799971
38039586
38044676
380579901
38072780
38216421
38277093
38304280
38346969
3836111
38382955
38383860
38558447
38589688
38593466
38626080
38769609
38807053
38813417
38901906
38903572
39031632
39106555
39209051
39253798
39278843
39278893
39356540
39419653
39420254
39423255
39449253
39467451
39496943
39580347
39599627
39656200
39661451
39681387
39814315
39836223
39905978
39952560
39953
39955765
40002696
40037952
40086241
40133452
40147194
4018591
40197268
40206304
40245922
4025621
40357380
40380213
40390993
40394584
40401469
4051131
40631759
40719713
40761898
40797843
40799562
40817446
40848654
40852937
40863381
40872409
41059185
41115058
41120162
41234221
41369699
41396697
41502858
41544239
41657821
41680415
41705637
41754607
41784098
41825510
41875809
41898972
41967707
41977521
41998153
42022013
42037838
42062967
42158011
42243962
422874257
42331373
42332530
42386837
42482888
42486446
42493016
42577751
42698117
42836778
42866924
42870865
42991860
43006345
43008912
43017471
43064317
4307151
43071869
43169079
43190211
43215463
43304444
43314219
43329179
43441844
43472138
43479178
43491523
43496567
43560553
43680367
43757836
4376581
43848378
43848728
43852501
43913887
44067224
44086632
44163280
44265678
44275458
44313616
44325779
44337402
44345496
44365291
44382559
44415297
44457821
44463975
44503983
44516004
44516756
44641439
44662993
44681253
44697048
44697971
44734865
44778322
44793874
44798027
44892782
44958305
44964452
44988339
45122528
45129231
4513631
45137569
45152811
451551295
45177092
45302221
45461709
45500410
45525406
45682575
45693699
45766055
45790313
45794174
4593531
4595511
46106353
46147161
46196044
46257724
46271052
46290631
46301002
46325903
46340035
4639711
46414897
46508878
46819884
46821691
46827411
46923743
46954001
469627023
46991236
47010888
47041596
47052169
47091719
471265814
47213290
47406869
47414308
47637937
47751926
47775245
47791735
47841264
47860682
47871533
47878332
4796521
47989953
48062773
48063605
48280375
48285205
48329145
4839341
48400627
48447555
4856081
48575278
486872652
48914917
48966021
49037629
49113254
49121165
4917311
49194062
49273816
49354997
49518326
49551328
49647604
49679729
49762392
49824999
49831212
49896828
49942692
49984640
50003964
50025309
50146790
50223835
50256956
50517128
50548378
50684854
50689856
50771293
50799770
50827654
50911313
50915272
50958567
50960532
50971777
50990523
51004774
51084226
51137171
5114051
51331674
51501902
51654497
51747484
51791993
51929088
51965808
52252613
52294496
52378473
52481271
52536903
52647592
52647699
52740039
52859884
52901494
52927291
52940205
52963282
52997483
53050515
5307232
53291871
53342860
53374162
53416764
53474560
5357362
53608103
53636206
53675771
53691059
53695861
53707907
53785759
53880450
53911301
5402532
5408532
54156519
5418822
54190767
54304657
545463
54627967
54656092
54837001
54976200
54997986
5500622
5501622
5507042
55118105
55119216
55155950
5516072
55173205
55174534
55215413
55233172
5531562
5531812
55488921
55500411
5553432
55538549
55778958
55849164
55869041
5587072
55982157
56074360
56141057
56322107
5633202
56398657
5648312
56569842
5659882
56620265
5664842
5666172
56840421
56943133
5705642
57072038
57130237
57148195
57211186
5722362
57237861
5724882
57257518
57319621
57403590
57416192
5754922
57590201
57648795
57717325
5771742
5775172
57810700
57854825
57861592
57915272
5800102
58042957
58049666
58133688
58211534
58376649
58390436
5840492
58424551
5842752
58464480
58476560
58651235
58713095
58729934
5884
5893952
59008111
5910712
59157293
5929832
59343689
59434762
5944042
59472210
59474509
59475650
5947942
59513811
59566474
59689784
59760315
59822347
5982252
59827859
59841755
59843541
59857506
60090873
60117154
60265271
60364559
60369792
60488657
6054612
60569498
60725870
6076152
608283
60856154
60881698
60920829
60924547
6095492
61091550
6116452
61235322
61245536
61341907
6140062
61411402
61438636
61444274
61465268
61723186
61723488
61787925
61826204
61862990
6199502
62041930
62055655
62177528
62180632
62194049
62200219
62223013
62238048
6235442
62358436
62436508
625053
62521980
62561376
62607630
6262622
626953
62695557
62777902
62807455
62836936
62866827
62889937
62959404
63023937
63027576
63063758
63088962
63297282
63368550
63430712
63459197
6350332
6354842
63722231
63942038
64035403
64134381
641483
6420492
64249659
64287940
6430212
64372692
6448682
64571289
64585147
646103
64634756
64679638
6473582
64736409
64907465
64999443
65040367
65176580
652
65217644
65224121
65285738
65299057
65373171
65392360
6549672
6568262
6577982
65939137
6601642
66156073
66165922
66214678
66216534
6624292
6636082
66379938
66484888
66599159
6661402
66669420
66741680
66835709
66837862
66968782
67053584
67151012
6722282
6722672
6722732
67253659
67259735
67351231
6746022
67544217
67558537
67588820
67688220
67715153
67799359
6782482
67844130
67854424
678723
68052920
68095735
6811622
68151648
68170397
68301260
68334404
68385043
68399495
68549202
6856442
68569702
68693255
68697766
68743033
68831933
68884192
68901744
68914729
68972744
69163147
69196990
69352251
6939532
69564736
69644593
69682524
6969752
69750573
69754358
69770326
6977972
69808093
6982602
6986432
69868178
69992291
70010370
7005112
70118648
70297622
70338949
704143
7046422
705723
70603123
70632127
70887016
70911246
70924441
70931634
7097892
70982211
71015835
71063179
71130449
71191307
71196740
71216364
712453
7127912
7137982
71439089
71447670
71565887
715803
71592174
7175592
71768722
718
71833314
7193842
72005363
72054820
72087883
72107580
72133612
7216352
72202406
72266178
72268183
72306712
72511082
72569208
72602268
72665429
72711262
72741590
7275702
72842685
728583
72982152
7299242
73026850
7306832
73117040
73155522
7321402
7327462
73343912
73387078
735623
73569952
73715598
73753168
73863753
73883314
7390132
73937068
73978932
74018093
74151979
74245028
74338936
74647241
74656344
74660202
7478732
74793864
74818827
74826138
748773
74891064
74922013
74946915
75014456
7501802
75063
75074581
75083546
75230216
7533352
754972
754976
75513933
75580389
75586815
75771482
7582812
7583782
75882998
75923281
75945167
75986937
7610682
76244848
7631692
7634352
76344921
76492543
76521990
76706375
76913239
76929671
77113207
77169032
77283619
77669541
77746859
77913714
7805572
78078516
78108982
78247357
7829602
783252
78327136
78340568
78384339
78508644
78564795
78701740
78733838
78783334
78908728
78937403
78948600
78970841
7899242
79063517
79173713
79204012
7920612
79212433
79265758
79320263
79329477
79547763
796337
79640251
79766063
79788195
79809974
79956199
80054504
80056750
80061612
80183207
802492
802659
80301618
80318789
804928
80496310
80625316
80692154
8071792
80816399
80898006
81088544
81093412
81292724
81307630
81318052
8133042
814839
81649741
81674989
81810694
8183512
818379
81861136
81882001
81909218
81919736
819457
81966010
82084905
823131
8235332
823736
8248262
82482668
82524942
82580055
82681394
82759121
82782165
8280182
82807120
82846726
83061855
8308102
83104302
83281942
83288892
83355074
8340712
83409228
8345852
83506316
83515009
8359042
83632732
83794733
83856685
8387282
83880977
83963349
8407392
8408752
8409242
84471004
84499168
84537718
84559806
8469762
8497822
85002019
85065234
85266921
8536402
85410817
8548912
85518739
85578245
85822128
85845596
86001397
86048620
8619792
86231401
86247335
86298977
86633633
86669081
86726776
86777096
8679682
86852927
86935243
86971138
8705332
8710682
87226871
87452723
87484718
87487697
87548291
87558613
8758122
87602857
87619863
87741649
8790802
88104034
8813202
88223074
88259371
88271581
8838742
88428751
88634327
88665511
88667709
88841601
88846686
88951715
8920302
8920472
89400252
89495381
8956652
89568255
89970721
90022303
90026164
9008172
90087594
90211332
9024842
90373198
9037522
90438591
90607738
90653735
90880528
90999353
91192103
91243935
91280159
91307247
91390346
91559535
91588176
91727434
91838091
9188692
91922460
91947487
9198582
92015635
92063353
92063978
9218402
922
9225472
92671156
9272772
92729850
92734703
92841291
9288992
9292262
92971519
92989140
9340392
93450724
93778247
93884713
93949498
94014122
94019697
94074400
94230093
94266033
94473973
9450082
94831900
94930888
94985292
9512222
95663680
95709243
95746307
95874219
95912884
95933712
96031332
9609312
96162322
96167276
96214897
963121
96453575
9645552
96490974
96513720
96545290
9663982
96747356
96766847
96918696
96928939
96940562
96940707
96969818
97042802
97144332
97176231
97230083
9729582
97341976
97346660
97395668
9743882
97518225
97567452
97575486
9768492
97725494
97742634
97758056
97882016
9792182
98009967
98070483
9830652
98338061
98402910
9843562
98546683
98613217
98644283
98796890
98903069
98986455
99010594
99069128
9919612
9920972
99375768
99470024
9949322
99563653
99651520
99702943
99814328
99838480
99929047
9993492
